amplitude_factor_l = [0.42398913976097446, 0.4282153912079033, 0.12378284313044466, 0.711221069409896, 0.7225816897317351, 0.7646527825863285, 0.40112267357697934, 0.42743202148716863, 0.9914095813817145, 1.2222055794324236, 0.4284915596303108, 0.42862587415289155, 1.6182794339223205, 1.264568245831212, 0.4311669676245879, 0.5462780686764698, 0.44415703547915164, 0.5944384653289748, 0.2708103187351025, 0.170468881007046, 0.6476744573446083]
phasediff_l = [-29.67419316918162, 329.3954574722484, 151.77595893442785, -34.1606097854003, -37.606370641125956, -40.36468813694745, -30.36855317966672, -31.3116501593979, -47.26522334530678, 306.8163968335256, -30.42922969682391, -32.857491878311464, -97.71371390960005, 201.5446736191579, -33.54162038250308, 190.83991403280896, -34.409877680170055, 329.51955549109414, -178.44505217712023, -191.64710085535776, -31.420544562906162]
amplitude_factor_r = [0.682529120529401, 0.6881751766721432, 0.0022154853818361154, 0.9234556155923191, 0.8826716111054062, 0.6589189142362378, 0.6824321178608364, 0.7149014578498121, 0.4682488094473188, 0.2899691163444707, 0.6985377868987559, 0.7410563355373039, 0.14053263238672217, 0.05085633307181245, 0.7602497656273546, 0.0258420423441291, 0.8079029768733247, 0.8547492932126076, 0.011593031609452593, 0.005914752729396196, 0.8929581931654754]
phasediff_r = [-20.266230280843104, 338.87333291671956, 104.73683443996734, -68.027983641311, -93.7109757424358, 238.84336015384935, -19.797341054607188, -24.148441334186202, -140.83812403663828, 201.01499505958088, -22.34252685864527, -26.849042440608443, 191.0566801899678, 178.3109527558047, -30.078416184330564, 172.97924637960566, -35.34272693855357, 317.35253460336855, -176.6359639822056, -204.16704226303582, -52.8252198134289]
