freq_vec = [1.25, 1.6, 100.0, 10.0, 13.0, 16.0, 1.0, 2.5, 20.0, 25.0, 2.0, 32.0, 3.0, 40.0, 4.0, 50.0, 5.0, 6.3, 63.0, 80.0, 8.0]
amplitude_factor_l = [0.623700932600605, 0.631373454569332, 0.01089732159170747, 0.8814881898662078, 0.9818019146227971, 1.0325458072374367, 0.6105470367267579, 0.632915835634585, 0.8381534200684263, 0.513350114394336, 0.6344014543228873, 0.27425148133486876, 0.6431395976691456, 0.16778247693283435, 0.6581710508151714, 0.08157854884700333, 0.6927762929795508, 0.7474115698210083, 0.0358810783717027, 0.024045593869214028, 0.815302173843535]
phasediff_l = [-24.474441033213978, -24.43391105216449, -171.90517796671463, -51.10998893821905, -69.52186247877691, -90.46621696566702, -25.03023444163979, -25.663153352636442, -122.44143595613937, -149.30894638261663, -25.113742745869814, -169.32918392682916, -26.53909486482098, -185.8093798745998, -28.38321862047772, -203.37578335491892, -31.05020260792773, -35.60905310522095, -215.13224315439567, 147.87803237030974, 317.9219497250153]
amplitude_factor_r = [0.6294371278600226, 0.6728644844812847, 0.015955401697972656, 1.085484310930162, 1.2963968879683847, 1.476625442100447, 0.6089946263725234, 0.714286541958535, 1.17489574525063, 0.6127637054584014, 0.6956777195678265, 0.26261756277941606, 0.7365185602594382, 0.13687891523719464, 0.7549176382581785, 0.06458467962176691, 0.8131314111004369, 0.8921846394511609, 0.030155120294492892, 0.017898138838253714, 0.9702699602984552]
phasediff_r = [-24.042866926480613, -24.64046027365194, -226.76145391518241, -43.751352565555976, -58.55383061618164, -84.40160750129182, -25.117971456745835, -25.67083050478098, -125.58505374745782, -157.21647358146532, -25.20833936961627, -175.32586448948234, -26.451634620959126, -185.55763722550486, -28.244482619489702, -197.42848985585468, -29.524021103909774, -32.35972975214359, -204.90390178768521, 155.9241390606652, 323.0075001877533]
