freq_vec = [1.25, 1.6, 100.0, 10.0, 13.0, 16.0, 1.0, 2.5, 20.0, 25.0, 2.0, 32.0, 3.0, 40.0, 4.0, 50.0, 5.0, 6.3, 63.0, 80.0, 8.0]
amplitude_factor_l = [0.6994285255386264, 0.7060693178843412, 0.1642580358036316, 0.7504272083193917, 0.5608147625160623, 0.4350563936262765, 0.6865373796317358, 0.750613957790355, 0.28764124380912426, 0.18157383994468917, 0.719141440214737, 0.11841728824778987, 0.7841511950211536, 0.08356286691382651, 0.8395411308613303, 0.05160910392066559, 0.8761974243234357, 0.8727214341574415, 0.03602633336518485, 0.02369799489660005, 0.8238155452976973]
phasediff_l = [-26.74399667740589, -28.252082139057677, -139.02668442120668, -87.62296455097207, -111.60332053386406, -122.30681291255031, -26.264449481141625, -33.65993410529991, -136.88907219509647, 211.81932574839442, -30.129518435338937, 204.82749776212066, -36.105113701961486, -165.420081452403, -42.83497528042071, 185.87493727039276, -49.77014973321731, -59.48404583982298, -183.0169730842087, 153.6436519113613, -71.90212621011054]
amplitude_factor_r = [0.002698423806236808, 0.0016442425085835218, 0.042726917043537455, 0.0026442860711027526, 0.002109693116543353, 0.000714095040074596, 0.0004954684393076871, 0.002028191543406408, 0.003573655272637005, 0.0018125102659706518, 0.0009111882556132023, 0.002321354015034593, 0.0009606503908176091, 0.004116386983303665, 0.0006861257226317704, 0.0014236278486540602, 0.0022596612864099665, 0.002388333213123135, 0.0012674189965787093, 0.00684975069637002, 0.002997922097144885]
phasediff_r = [54.935068271591334, -104.98856855317769, 18.805709126367418, 9.826501678416832, -27.094197321617585, 44.4046272047869, -218.03744278412796, 4.153093327601631, 0.31130603544275814, 314.33969792406447, -315.4842229244386, -28.52875809938429, 54.380397810163274, -9.591765076043131, -91.2826756161442, 99.50085940965394, 23.369819555133233, -317.90093511647376, -244.66332388913816, 150.72386693909115, 22.13060360284489]
