freq_vec = [1.25, 1.6, 100.0, 10.0, 13.0, 16.0, 1.0, 2.5, 20.0, 25.0, 2.0, 32.0, 3.0, 40.0, 4.0, 50.0, 5.0, 6.3, 63.0, 80.0, 8.0]
amplitude_factor_l = [0.44404131533257385, 0.46319172980939793, 0.019479593318141905, 0.6911947076953527, 0.7328422246536539, 0.758723107592905, 0.45513835510137785, 0.4963365333762474, 0.5837681805770514, 0.3346463691124473, 0.4888304188194209, 0.1969998123619099, 0.5060399848917565, 0.12449453519465085, 0.5255454600316125, 0.05420173687685162, 0.5650679355976662, 0.6100268214684909, 0.024313609973511344, 0.014819044282679897, 0.6459118260824263]
phasediff_l = [-36.760715059936544, -37.23361800861575, 207.1218568042065, -60.87322271040442, -74.10260462706404, -92.19072357711201, -35.92009097592704, -38.10529471154216, -121.180883447566, 216.11102465219733, -37.59250837539987, -158.61712808931492, -38.43824524845804, 189.19644582078178, -39.9952301651969, 169.28568507301173, -43.10790880353203, -47.00083514568627, 163.10687389211736, -186.17758580858987, -52.939380678578914]
amplitude_factor_r = [0.6413636429207807, 0.6459081197043813, 0.014162488051790642, 1.0050836865770685, 1.1603338782216492, 1.1073116380946306, 0.6219423532266002, 0.6660366224406427, 0.7386473759088011, 0.4027808392417865, 0.6592237669346431, 0.20895501711427708, 0.6704039595897202, 0.10581715586871514, 0.70450639276621, 0.06286610730340675, 0.7590943012808683, 0.8248303760645047, 0.02686861909806757, 0.013307334808896567, 0.9088977179822416]
phasediff_r = [-25.847794094803643, -26.283188052575888, 155.1054350245015, -54.00826987440051, -73.34444294281383, -103.16811146212927, -26.969743090733445, -27.72164942351607, -133.85863273756917, 204.5439622123124, -26.974932873267974, -169.96095655948125, -27.994551969998767, 181.47054990206837, -30.418466066310195, 157.20122282770342, -33.773286402909505, -38.047099628733434, 161.6968912342326, -196.8347470539525, -44.96813055715982]
