freq_vec = [1.25, 1.6, 100.0, 10.0, 13.0, 16.0, 1.0, 2.5, 20.0, 25.0, 2.0, 32.0, 3.0, 40.0, 4.0, 50.0, 5.0, 6.3, 63.0, 80.0, 8.0]
amplitude_factor_l = [0.8021762720531634, 0.8054151390569485, 0.015545101680621341, 1.0773667825505355, 1.1642926077392948, 1.1103451508176316, 0.8001758873970981, 0.814056941660425, 0.8809965954959127, 0.5443027780892209, 0.8080825031462602, 0.2796958251080355, 0.8204548508774807, 0.16228564296355955, 0.8471466599918783, 0.10547366728162677, 0.8705112782697394, 0.9245682579252669, 0.05343340955353186, 0.024603192099363968, 0.9978075966054786]
phasediff_l = [-13.338637077482488, -14.09045739088748, -215.85673669598538, -48.04116200227554, -73.34441078067667, -100.25217048165923, -13.120541509581287, -16.085908849961044, -133.37888476020055, 201.4902985359118, -14.874321828402891, -176.09087916984802, 342.54636240739, 172.0658999860665, 339.59240015589626, 160.15771192477212, -23.728405952504453, -28.567395522204393, 147.9917576755808, 149.19385839692242, -36.037447598503036]
amplitude_factor_r = [0.7259689909042475, 0.735561475713898, 0.011847747061743118, 0.7807616430080885, 0.6652857160264002, 0.4684605400670259, 0.7127722160221738, 0.7461571487258002, 0.28422778003510263, 0.18648071556469148, 0.7439708501454618, 0.10739962887725536, 0.7525359007020068, 0.07014225593098215, 0.7786568428021221, 0.04585663312767849, 0.8100457909516678, 0.8245672101098731, 0.02640620952087805, 0.017672001900720043, 0.8172666256439353]
phasediff_r = [-16.647751016192103, -18.17293749217521, -237.48339557890603, -84.206485995129, -110.7789491948499, -133.2352471671927, -15.490775194720683, -22.931547230698484, -154.12969771290278, 194.1127967504471, -20.088130391155154, -178.43503982578886, 334.0056876428433, 172.21922748081028, 327.9483761537956, -190.87105537800483, -39.46722121664876, -49.247314509247005, 153.90271170189118, 138.0318425466486, -64.3717766560425]
