freq_vec = [1.25, 1.6, 100.0, 10.0, 13.0, 16.0, 1.0, 2.5, 20.0, 25.0, 2.0, 32.0, 3.0, 40.0, 4.0, 50.0, 5.0, 6.3, 63.0, 80.0, 8.0]
amplitude_factor_l = [0.6880416955158103, 0.6544530103095115, 0.0146239212614046, 0.7415490082298001, 0.793108864498235, 0.7763642630158432, 0.7174157814652751, 0.6066267283075547, 0.5894500482833027, 0.3575692080951825, 0.6342257950104514, 0.18935675783462871, 0.5899460919225364, 0.09918879820837233, 0.5969396852225632, 0.04160572964496342, 0.6123864363724913, 0.6534540858039911, 0.021261109712256792, 0.01639908203783084, 0.6944199306288309]
phasediff_l = [-40.606999232249834, -40.565072574250095, 163.7680350262054, -60.65699170426858, -75.49710532613652, -94.42750442680622, -41.55771117022766, -41.2970718775433, -122.85653461113918, -141.45600850454542, -40.4705981317074, -161.97300678824786, -41.81693286876588, -177.7965137675773, -42.96622644768014, -181.5658179532585, -45.140762390055585, -47.809447835368495, -184.25657846659516, -181.0593439557812, -53.24335995319204]
amplitude_factor_r = [0.8600614737780748, 0.8142127548864898, 0.012450184534223474, 1.0974015416483218, 1.2667258593455613, 1.2934426084782158, 0.8980504872829793, 0.789749432702222, 0.8849339058095397, 0.48948314290745565, 0.794478968962326, 0.21504298060161628, 0.7678963759742593, 0.12278189241340727, 0.7752951114121127, 0.04902692135437312, 0.804439329350279, 0.8809943262914298, 0.025655175724758533, 0.021023531155038837, 0.9923400794330027]
phasediff_r = [-29.776232255777884, -30.27997611857829, 126.73522952049234, -51.055341071562154, -70.04079528680985, -99.10714931618833, -29.253714187349477, -31.048471236151478, -132.13720164557347, 204.8643230763572, -30.672080270641636, -171.62406787321996, -31.43952206240734, -180.06768750377165, -32.2696079546528, -181.27394000892536, -33.87067987817817, -36.85432676125789, -206.94230825989135, -201.19877771069233, -42.43173123094343]
