freq_vec = [1.25, 1.6, 100.0, 10.0, 13.0, 16.0, 1.0, 2.5, 20.0, 25.0, 2.0, 32.0, 3.0, 40.0, 4.0, 50.0, 5.0, 6.3, 63.0, 80.0, 8.0]
amplitude_factor_l = [0.7601896652627596, 0.744343848109167, 0.007951997355989955, 0.8550712064038017, 0.9661471221820586, 1.1336734397483565, 0.7750527091865916, 0.7045265998811632, 1.5910843452341281, 2.232869271026134, 0.7238940008521587, 1.1701038845395058, 0.6933593325946599, 0.45486120775583777, 0.6934159970289575, 0.17023098271826864, 0.7028216272421962, 0.719649955213483, 0.07137902432654318, 0.02015130350108083, 0.7692242649389266]
phasediff_l = [-31.70998717394236, -30.997229961071668, 178.71648406608347, -38.9593250415772, -40.71144281092042, -44.773124817912084, -33.68977306592595, -28.780400415112638, -56.23587584823737, -105.48693487751852, -30.092770250653615, 200.42078921821667, -28.243049588774838, 178.61588021261676, -26.85340089109842, -209.41666148132595, -26.5848015560761, -26.700004175701906, 143.85613219256902, -214.36946988114835, -27.907238612122665]
amplitude_factor_r = [0.5689989395716576, 0.5617325101772804, 0.007776265258003794, 0.8029992123311501, 0.9464257370896573, 1.1526341426969926, 0.5785204419285449, 0.5532277313962409, 1.3447645633183067, 0.8824941058460577, 0.5614300301366614, 0.3641910481977869, 0.559547748476853, 0.15015302509012513, 0.5775600081766765, 0.06253738840283483, 0.6203363631335826, 0.7162023153846844, 0.030795999786399905, 0.01799758810505321, 0.8649445483391283]
phasediff_r = [-37.92212835769355, -35.92458858071234, 170.56374297883235, -53.33463407055997, -58.99421538328227, -69.60421091852015, -39.68418166137866, -33.94187467637505, -98.4018128491575, -137.08806777246366, -35.02207449587998, 200.3900476873477, -32.65067485764229, 191.89839514220412, -31.894944065586596, -170.6386923024231, -32.63408572631705, -34.7105469868994, -175.79833248234146, -191.51265666131337, -38.095308266568296]
